kinematics:
  shoulder:
    x: 0
    y: 0
    z: 0.15202681172528287
    roll: -0
    pitch: 0
    yaw: 1.4070531892396154e-08
  upper_arm:
    x: -6.7742702912611149e-05
    y: 0
    z: 0
    roll: 1.5716443050034292
    pitch: 0
    yaw: -1.0673903969582454e-06
  forearm:
    x: -0.243719348710109
    y: 0
    z: 0
    roll: 0.0076698732193647475
    pitch: 0.00017587238401541879
    yaw: 2.5180984876973072e-07
  wrist_1:
    x: -0.21329502918822221
    y: -0.00045292853681002575
    z: 0.13091316848899009
    roll: 0.0034597491976696673
    pitch: 0.00039740139752119448
    yaw: 3.8790792453181573e-06
  wrist_2:
    x: 0.0001146773251280167
    y: -0.085398527924201037
    z: -1.1719775576173205e-06
    roll: 1.5708100504220601
    pitch: 0
    yaw: 3.5084743805459395e-05
  wrist_3:
    x: -7.0833498053224128e-05
    y: 0.09208858719429433
    z: -6.3008747679655551e-05
    roll: 1.5701121080467677
    pitch: 3.1415926535897931
    yaw: -3.1415924882296844
  hash: calib_5298207865105653240