- pose:
    position:
      x: -0.23574
      y: -0.32521
      z: 0.19286
    orientation:
      x: 0.602
      y: -0.37482
      z: -0.39969
      w: 0.58082
- pose:
    position:
      x: 0.1465
      y: -0.26731
      z: 0.14818
    orientation:
      x: 0.62396
      y: 0.36564
      z: 0.34907
      w: 0.59593
